100 200
-11 -10 -18 -8 -12 -18 -15 -1 -2 -9 -4 -9 -3 -10 -19 -1 -18 -9 -15 -11 -10 -14 -20 -20 -16 -15 -14 -7 -10 -8 -17 -3 -9 -10 -18 -1 -9 -12 -15 -13 -3 -18 -6 -13 -4 -16 -20 -8 -8 -4 -11 -14 -16 -11 -4 -17 -8 -10 -6 -10 -19 -17 -5 -17 -1 -9 -14 -6 -3 -12 -2 -13 -19 -20 -8 -3 -8 -4 -8 -9 -3 -12 -7 -2 -7 -2 -1 -1 -9 -9 -17 -17 -4 -20 -2 -11 -10 -4 -9 -12 
186 103 162 23 92 182 30 60 70 81 141 200 94 196 67 195 190 135 129 65 171 107 147 68 20 63 79 159 177 151 28 54 183 157 60 88 123 35 38 61 113 154 144 88 152 178 42 150 107 74 200 65 115 83 98 123 189 151 156 108 83 152 156 36 165 63 70 128 164 123 175 80 64 42 108 78 22 85 169 51 150 192 178 89 124 123 101 137 127 161 92 187 175 152 113 105 111 148 84 85 83 -1  
78 73 168 165 184 57 103 194 200 38 23 117 194 170 27 186 171 22 198 35 200 180 184 43 103 131 107 22 143 102 171 152 182 23 154 44 28 23 58 42 145 147 187 68 21 73 147 39 146 130 65 110 193 32 55 181 157 117 176 52 154 158 148 91 77 124 55 22 194 158 164 179 120 88 167 114 76 101 29 23 184 185 54 137 91 46 110 108 150 148 105 199 91 56 102 128 113 55 52 47 23 -1  
52 22 121 120 156 181 95 22 198 155 145 102 52 73 130 173 38 142 59 21 129 165 198 177 142 142 128 73 46 54 94 186 77 106 73 107 90 117 125 79 26 147 187 144 95 48 76 158 146 161 139 139 122 194 42 44 142 186 169 135 105 164 108 183 89 111 60 40 99 89 157 83 187 137 33 200 108 59 33 79 54 128 153 73 169 167 35 149 79 50 32 34 47 100 96 51 104 195 182 158 16 -1  
139 49 33 33 77 140 48 188 182 32 163 151 133 47 137 88 63 173 162 178 90 78 80 69 136 140 39 190 64 124 131 81 69 62 83 176 78 131 82 65 165 106 25 98 170 159 129 54 122 65 69 149 155 179 35 76 123 35 39 97 39 39 76 157 176 55 27 131 184 56 154 62 193 163 114 169 42 150 163 75 32 155 81 53 116 146 156 158 180 74 113 194 107 154 185 110 135 150 108 34 19 -1  
141 131 183 62 148 70 169 198 67 49 100 165 86 80 34 147 104 148 103 136 145 133 25 54 187 121 113 33 37 156 55 105 70 52 183 167 162 43 110 137 65 138 22 112 23 59 100 59 160 181 164 47 197 156 74 20 57 179 40 144 107 119 184 20 111 135 96 164 21 46 94 127 142 164 78 184 97 92 140 185 80 119 147 110 35 92 79 25 117 84 101 127 86 162 170 98 66 191 171 21 79 -1  
163 159 198 73 156 29 93 194 59 136 96 148 149 147 137 93 93 198 75 72 42 55 62 23 106 154 160 41 67 123 41 90 185 91 140 128 152 106 158 26 54 85 185 66 138 157 26 180 127 63 69 139 132 176 151 82 102 168 129 31 22 148 143 27 70 173 76 96 66 42 106 31 25 99 32 115 66 81 61 70 153 105 178 30 187 149 115 29 23 39 130 58 48 116 180 179 139 117 161 159 91 -1  
64 181 119 172 117 33 121 42 62 32 73 28 70 142 72 52 131 32 156 106 123 81 131 199 122 38 110 161 91 135 194 172 37 29 58 124 51 76 85 173 80 126 195 118 101 168 197 49 177 56 185 128 108 99 153 171 45 37 84 173 116 81 134 93 173 38 55 191 104 43 20 126 55 74 122 90 172 63 112 91 51 198 65 24 168 187 62 157 34 188 129 120 128 190 180 62 32 65 161 165 81 -1  
180 163 91 112 190 74 154 156 83 91 123 84 144 101 99 26 139 146 25 75 30 48 169 150 103 24 127 145 179 70 171 183 74 164 117 84 91 58 100 163 21 33 90 155 112 57 197 46 165 86 155 138 78 78 165 30 122 31 133 68 28 125 83 146 193 79 92 186 44 132 88 133 28 177 158 156 64 34 183 165 132 127 40 63 41 127 144 117 102 120 77 74 173 72 181 76 115 116 157 102 34 -1  
113 142 118 62 71 170 30 182 121 173 187 70 165 132 81 132 35 72 174 33 102 50 189 192 183 50 121 179 124 111 81 137 31 191 75 173 85 169 75 22 150 194 85 65 135 199 36 178 34 107 142 107 58 110 72 54 183 170 149 144 65 171 77 197 134 189 175 193 100 38 98 109 140 141 61 37 148 95 40 172 84 23 92 159 34 49 80 57 98 175 101 122 153 182 196 109 161 111 114 35 35 -1  
109 70 170 26 82 124 68 138 103 81 115 131 71 192 99 104 175 108 171 35 39 157 35 67 134 190 113 101 192 90 127 108 57 23 62 137 33 147 46 199 165 121 143 113 134 154 185 192 50 190 161 126 174 163 112 21 102 36 125 42 124 32 100 86 106 141 138 110 69 62 168 26 111 146 52 105 101 134 152 97 27 163 92 45 73 182 138 45 167 31 153 121 70 134 20 37 28 196 115 57 77 -1  
26 49 105 177 108 132 110 104 133 67 46 52 121 49 74 76 64 30 178 82 57 70 41 129 78 200 148 186 152 52 92 58 29 118 66 113 128 143 193 89 197 65 68 197 64 45 96 29 26 73 171 86 112 24 190 128 199 53 100 75 175 154 29 37 98 45 46 169 165 124 97 108 128 145 79 163 152 162 97 133 102 91 21 54 179 175 161 82 102 85 56 195 197 58 85 22 179 147 100 171 90 -1  
63 107 108 62 73 131 116 118 84 160 103 105 93 92 57 70 158 179 76 72 132 144 183 142 90 130 99 147 125 42 63 23 181 50 37 24 21 54 159 114 196 126 145 174 48 49 187 107 180 21 146 189 44 22 81 167 44 94 38 88 45 106 174 112 166 94 29 161 153 188 106 129 127 144 186 199 101 30 61 32 56 193 117 104 51 50 121 23 86 60 141 145 50 21 99 147 93 172 145 77 19 -1  
138 45 60 94 135 147 48 70 86 69 149 31 68 179 34 137 117 133 156 97 90 106 174 176 59 167 109 179 184 130 174 56 123 124 156 160 29 156 75 31 58 124 130 181 112 20 40 145 93 177 131 98 161 52 158 84 47 119 155 186 75 164 186 99 87 183 74 191 156 90 196 155 166 37 35 196 184 156 102 43 74 112 82 149 167 77 81 162 136 95 124 176 114 64 143 61 104 116 30 74 34 -1  
73 118 160 121 165 121 28 70 139 146 170 39 77 126 153 123 147 43 124 72 155 20 170 54 31 171 191 55 176 83 116 120 169 147 180 113 68 26 95 148 66 20 159 53 122 140 135 137 161 54 149 122 183 184 180 138 20 127 103 112 110 169 68 198 54 35 160 132 89 75 192 181 158 139 138 176 93 181 72 66 157 163 125 24 128 168 38 97 121 167 31 176 85 20 56 177 64 170 165 139 40 -1  
138 176 177 184 166 73 128 23 148 58 26 31 111 54 77 153 119 187 41 151 165 169 170 101 165 140 141 69 72 67 116 143 197 147 86 103 35 183 124 200 46 95 105 153 24 69 28 117 199 80 148 44 199 115 132 110 75 29 129 74 113 106 54 63 105 59 143 28 87 141 129 171 24 153 33 160 67 111 52 57 180 137 190 57 40 131 87 20 156 164 188 80 26 96 177 175 107 52 54 192 18 -1  
45 171 58 135 133 155 140 152 51 163 192 146 67 43 158 131 175 69 35 128 181 151 155 81 92 55 102 148 20 92 55 151 167 20 36 117 20 177 88 70 29 112 186 137 20 144 135 53 63 45 152 94 168 186 46 108 45 50 45 189 66 123 172 98 67 73 147 72 188 63 56 149 65 134 29 169 200 166 62 24 89 145 112 194 140 25 185 101 84 40 80 105 44 90 24 152 163 174 22 109 77 -1  
182 51 48 149 52 25 104 133 107 84 167 102 33 20 149 52 192 30 93 58 21 127 177 135 134 67 109 52 36 161 181 67 21 130 106 163 56 33 158 72 72 199 59 71 94 190 59 136 119 117 60 27 51 60 136 31 108 99 65 181 154 167 144 178 53 62 100 73 145 149 65 145 51 55 52 111 38 86 55 116 123 135 109 153 113 29 85 93 89 171 37 71 165 88 27 36 106 51 29 200 74 -1  
183 87 52 199 67 134 137 151 26 44 22 72 148 64 144 29 77 172 158 199 169 187 122 120 81 101 198 126 181 60 124 124 140 114 133 156 74 165 99 133 152 93 87 146 45 60 137 76 37 65 183 181 158 138 163 82 190 40 160 195 96 87 94 159 191 115 172 118 47 60 85 42 21 173 199 83 154 182 156 83 145 60 157 84 106 26 190 134 28 151 101 59 141 198 173 41 45 126 30 75 69 -1  
143 120 137 114 62 58 182 119 145 27 179 138 42 71 99 40 143 27 72 59 83 107 50 101 87 54 85 161 115 194 70 21 103 93 190 158 138 112 72 195 165 97 70 59 148 175 78 42 156 168 176 147 69 30 133 122 143 190 195 37 93 170 94 65 20 26 80 135 21 45 163 114 39 43 132 57 171 162 49 37 27 195 97 72 91 197 75 148 27 157 104 156 151 122 64 40 105 133 45 116 26 -1  
193 88 79 56 37 49 128 188 64 179 178 83 162 128 133 21 109 118 154 194 179 102 128 42 197 165 127 166 81 129 105 156 51 118 100 159 39 52 171 118 172 163 46 106 51 102 161 93 189 194 115 52 86 104 123 142 24 128 23 183 75 49 100 39 45 186 70 61 137 56 53 56 124 118 130 145 38 171 28 135 183 149 127 155 85 75 166 39 111 84 191 131 58 72 100 152 61 164 111 64 74 -1  
124 200 193 114 147 148 49 183 118 99 88 110 43 107 66 59 175 191 125 89 81 199 111 65 85 69 48 162 51 61 129 141 98 76 74 58 25 39 147 114 112 163 166 194 145 123 172 149 130 195 29 61 176 83 120 94 162 70 92 40 66 180 84 182 90 56 92 106 138 126 165 185 90 178 173 105 83 132 137 154 94 47 184 170 142 152 140 72 197 96 73 171 156 157 141 25 53 40 182 82 55 -1  
130 111 121 199 154 87 179 62 28 99 108 145 158 96 76 29 37 184 77 64 171 82 32 45 59 62 192 114 172 152 149 168 110 118 158 79 92 167 68 120 196 45 102 184 34 108 70 89 108 159 70 36 78 113 134 113 131 173 55 44 30 129 29 168 187 23 102 49 79 107 58 149 187 110 187 93 198 128 167 135 24 169 133 125 55 20 22 106 106 82 50 98 129 70 158 65 95 123 139 135 40 -1  
184 39 162 95 48 37 114 179 32 83 55 36 186 66 109 138 20 162 95 166 79 139 133 36 28 195 39 114 145 163 112 71 148 88 32 41 132 104 95 108 46 24 180 66 180 149 196 86 165 65 85 189 85 57 199 38 134 141 28 109 86 147 87 39 157 145 103 51 58 63 145 39 150 45 70 112 36 96 163 90 189 175 78 172 168 49 171 67 188 172 181 196 198 122 73 45 169 45 115 138 40 -1  
154 192 182 41 89 181 56 160 55 196 36 41 190 133 141 153 161 37 20 20 113 200 179 181 21 159 149 124 193 95 94 137 179 118 103 172 35 141 114 175 50 86 161 192 165 124 32 69 108 117 73 86 187 58 176 38 76 23 144 65 126 197 151 164 143 130 179 146 83 182 59 178 131 83 91 102 110 143 59 140 63 164 130 199 126 76 58 129 172 196 198 43 89 185 32 146 146 193 141 31 93 -1  
200 49 195 111 134 28 145 151 24 92 137 73 136 101 34 69 23 143 130 143 162 179 131 108 139 84 21 137 91 116 182 107 85 59 122 54 35 83 45 117 34 102 129 157 33 141 98 85 185 66 176 127 120 111 130 69 22 162 94 24 176 77 39 100 62 34 132 200 166 79 71 59 178 187 197 60 27 147 154 137 163 91 20 92 39 190 37 159 113 21 62 115 166 20 150 168 162 34 68 60 58 -1  
113 35 106 118 176 45 75 108 199 29 95 89 119 61 65 103 151 51 34 176 161 177 169 31 91 153 116 190 41 162 115 88 110 83 103 31 123 159 108 149 106 199 133 116 45 179 147 106 75 146 62 134 49 145 32 102 193 196 39 172 101 130 32 25 174 139 105 78 165 83 84 51 65 106 178 65 161 83 167 183 97 51 159 70 68 171 154 27 149 166 200 190 190 38 51 126 82 59 33 82 15 -1  
196 142 36 74 143 178 22 51 62 80 53 156 61 184 130 110 74 148 39 123 142 164 192 96 169 140 153 105 174 152 92 200 185 48 190 106 103 77 199 130 144 79 175 161 64 157 151 36 120 93 126 192 109 54 112 30 36 163 183 157 157 62 138 70 87 57 116 56 70 130 31 197 116 147 185 127 111 129 154 137 74 151 183 102 107 162 93 61 50 182 163 62 72 197 28 41 177 79 127 43 27 -1  
85 112 91 194 172 88 174 83 112 48 135 63 113 73 29 71 171 81 43 140 71 181 77 109 186 48 82 49 105 55 38 59 71 72 131 187 154 84 96 23 48 119 90 135 72 123 147 157 159 162 154 97 97 143 157 189 197 184 124 32 79 30 93 28 184 25 126 129 30 85 105 95 127 121 80 125 168 109 138 76 102 135 109 65 98 144 92 163 41 184 94 72 191 86 135 173 103 179 96 20 78 -1  
90 48 74 199 147 188 168 180 105 143 166 190 94 168 141 146 64 171 123 115 70 200 166 135 157 77 35 184 137 138 33 99 136 86 171 120 103 22 23 29 97 187 100 144 198 72 140 129 189 105 47 155 77 196 69 135 161 57 105 139 70 82 152 179 23 23 57 149 94 93 147 115 31 127 39 63 93 29 164 56 85 80 88 146 53 47 102 138 33 156 168 85 117 120 75 186 108 192 146 80 55 -1  
148 53 107 67 87 61 100 164 35 151 163 28 157 173 136 137 33 159 75 108 164 173 128 24 26 134 26 84 109 31 134 191 95 102 96 121 63 73 151 177 144 151 113 84 141 110 59 117 133 83 82 95 100 89 143 51 116 123 54 111 174 94 169 144 89 58 99 177 26 20 194 70 114 196 26 34 186 138 79 33 126 154 198 194 72 142 78 158 95 53 83 185 101 21 38 26 24 156 175 119 72 -1  
158 114 142 170 62 134 133 185 82 54 91 166 82 129 188 176 156 107 157 122 185 55 180 81 164 171 103 88 21 74 84 77 21 169 114 71 195 64 164 147 99 76 89 20 37 132 117 173 151 67 112 107 107 49 102 149 48 130 96 108 90 135 128 137 143 49 134 78 79 170 196 182 179 90 170 136 147 22 165 124 136 96 63 127 134 65 176 131 158 35 49 199 134 123 23 50 121 42 150 43 69 -1  
150 31 105 198 155 129 68 84 160 79 97 41 64 58 189 165 132 99 139 34 178 120 118 32 85 116 99 133 80 47 56 191 138 21 117 196 174 119 51 69 43 44 84 27 111 24 62 191 199 111 57 160 22 135 94 157 182 164 161 159 75 200 21 65 184 197 144 132 30 144 161 155 92 21 47 117 74 159 139 59 157 92 71 29 76 81 182 145 90 197 146 152 171 190 123 166 176 122 28 185 54 -1  
40 86 28 121 80 43 144 47 34 83 158 30 88 113 91 199 42 79 21 31 148 50 78 129 190 188 158 123 132 104 162 140 112 54 136 83 144 108 70 165 88 87 115 191 187 120 81 138 104 37 32 38 180 97 123 173 187 73 91 168 114 195 90 28 189 67 196 73 94 142 55 111 151 45 180 37 188 195 107 102 74 70 50 82 199 120 32 107 70 70 29 64 167 65 163 31 143 83 195 86 99 -1  
70 29 57 93 28 86 41 148 71 102 62 177 191 149 197 35 169 33 148 179 171 129 136 110 94 71 142 84 55 46 97 178 90 54 127 70 20 53 27 50 150 117 26 49 145 161 132 29 60 76 181 78 137 36 63 156 148 129 36 133 103 77 182 157 75 109 198 195 30 100 108 49 65 173 186 116 110 148 190 72 32 78 76 97 119 95 196 124 38 195 37 67 196 92 161 115 83 56 63 117 15 -1  
116 165 35 58 165 31 179 60 88 43 125 156 32 83 96 62 77 54 55 134 162 99 102 106 109 45 62 72 59 87 102 199 73 138 166 57 99 187 123 199 165 22 32 61 122 94 154 130 129 145 141 199 173 149 22 153 43 148 111 56 56 146 82 99 86 115 190 31 75 97 37 146 161 84 155 55 27 33 140 86 175 22 99 169 111 93 143 100 57 69 68 195 69 135 64 183 190 152 49 194 33 -1  
62 182 93 46 106 133 44 115 86 78 184 167 147 88 194 148 84 164 75 50 139 78 183 196 177 39 22 91 153 121 130 102 117 42 76 60 76 120 91 85 188 38 76 145 114 79 63 122 149 135 199 97 60 161 127 54 71 31 157 172 93 137 188 178 163 141 154 108 100 99 189 186 41 83 61 119 188 61 21 87 131 123 67 22 139 34 89 171 20 29 36 104 162 34 199 171 67 36 181 157 46 -1  
103 69 127 149 20 49 21 85 177 188 109 171 118 126 143 145 69 105 182 20 199 68 74 174 127 55 98 75 104 178 155 135 44 183 158 44 150 106 97 73 24 57 107 102 84 151 152 45 158 153 166 39 69 32 37 152 112 95 91 158 113 28 23 176 136 99 195 95 70 196 35 88 170 132 72 31 40 150 81 31 118 200 132 121 54 31 78 22 94 91 99 80 106 73 92 56 170 85 128 146 97 -1  
135 184 39 34 141 169 121 27 46 164 90 90 192 137 31 147 142 87 21 72 180 123 140 161 45 168 83 124 65 148 62 34 94 75 125 43 110 47 117 68 189 57 114 48 64 85 141 129 83 192 181 150 172 44 66 187 28 71 76 30 52 181 155 70 38 86 32 55 173 147 184 182 50 188 61 84 89 71 137 146 33 87 161 195 92 37 184 96 144 85 47 45 143 34 188 124 155 110 158 199 37 -1  
54 20 59 48 178 62 79 67 85 60 43 129 58 36 138 31 63 192 198 198 44 144 40 177 55 118 185 141 199 54 97 55 141 152 52 146 120 138 146 52 174 159 103 173 76 158 103 62 123 48 140 35 132 71 189 154 152 112 107 125 33 55 127 182 49 146 64 101 97 190 194 174 93 36 48 24 65 169 32 136 199 186 198 42 114 167 34 108 38 43 40 196 128 89 107 178 74 79 178 174 31 -1  
57 195 49 189 133 39 119 143 135 65 70 195 177 157 72 56 90 71 89 83 149 183 100 32 81 42 90 163 100 144 138 43 94 140 195 125 22 79 71 154 41 138 113 194 41 155 77 77 184 24 118 157 83 76 135 113 87 145 174 119 48 92 190 33 156 175 196 199 159 193 161 59 172 147 35 61 112 153 104 97 118 119 164 153 163 178 139 88 159 42 93 116 93 122 192 52 78 197 140 33 14 -1  
111 191 130 199 50 46 192 138 169 114 24 149 21 57 108 38 168 200 192 102 175 37 40 37 89 124 57 177 102 80 91 49 100 127 44 190 104 34 192 21 87 26 140 105 26 170 176 119 200 164 77 94 189 89 36 168 145 151 126 138 168 140 134 69 151 58 154 114 138 182 199 67 121 93 143 20 103 31 150 96 27 187 161 77 114 32 194 77 127 155 193 142 181 107 38 162 34 144 64 109 90 -1  
183 56 169 67 154 153 69 164 60 187 129 31 31 124 34 47 185 119 37 86 68 139 193 61 57 129 32 183 185 131 82 96 67 199 81 109 79 58 72 141 75 182 187 175 30 58 158 134 124 49 97 63 65 90 66 54 178 51 74 127 143 72 121 37 77 43 143 58 169 104 127 195 103 107 101 189 123 100 173 87 187 140 153 41 164 39 73 165 124 64 29 60 126 177 86 107 31 189 116 179 78 -1  
22 52 96 121 27 81 27 186 36 75 190 166 32 110 21 171 148 103 167 113 32 134 162 126 20 180 76 56 158 129 80 91 147 78 117 79 177 197 55 145 171 130 93 159 59 105 181 96 175 181 97 154 119 124 65 162 96 102 85 164 92 127 129 148 33 101 33 145 181 22 42 75 147 47 54 191 143 185 133 169 198 176 131 56 137 90 46 106 128 43 58 47 199 71 88 114 138 82 40 29 52 -1  
176 176 47 111 111 143 187 135 122 96 180 50 187 26 134 32 155 190 38 172 37 181 20 134 49 119 43 45 98 89 135 89 108 141 43 182 175 44 122 67 181 138 61 78 179 23 57 184 24 57 49 161 42 81 195 54 114 31 106 164 140 49 185 70 197 80 35 147 161 38 93 91 23 166 82 158 170 78 78 92 47 155 196 48 76 178 81 197 129 70 31 158 126 126 107 69 151 41 101 159 47 -1  
137 50 21 121 184 99 24 166 93 123 57 177 177 126 187 41 164 37 108 43 48 165 78 58 44 37 90 66 141 108 57 71 76 78 192 128 173 146 184 27 77 75 134 105 108 97 168 32 67 62 30 57 178 168 109 163 82 114 29 136 157 35 191 31 116 100 29 180 149 58 44 110 179 139 27 97 108 58 110 191 171 95 138 81 57 67 134 80 131 22 57 177 76 200 59 173 66 158 200 72 10 -1  
192 102 56 78 195 127 71 193 110 70 150 97 194 33 159 147 155 46 55 66 61 173 35 190 118 194 171 124 53 199 26 39 83 154 133 83 148 20 60 159 191 187 136 76 95 105 146 66 105 116 62 63 74 193 32 194 73 43 101 170 50 80 40 20 131 141 124 197 176 44 149 111 171 168 186 162 51 165 29 145 45 129 130 187 76 69 65 133 60 30 121 170 77 110 169 86 170 160 167 63 79 -1  
59 176 96 54 199 92 110 128 42 159 84 175 199 122 136 21 148 32 69 149 199 126 109 116 128 140 135 60 89 176 65 195 181 62 81 116 130 100 199 139 48 133 29 41 65 43 147 31 52 146 124 156 42 108 130 99 135 72 93 53 144 146 76 197 116 159 28 29 126 183 46 50 103 141 65 50 129 151 189 29 140 145 191 199 162 97 121 120 43 173 59 95 159 134 101 187 57 181 161 146 43 -1  
121 79 66 97 156 64 185 166 24 86 182 72 109 165 77 114 188 139 23 144 183 195 140 89 155 192 109 123 105 132 132 144 40 145 30 130 24 50 88 37 91 40 174 59 152 90 86 40 155 135 33 70 31 150 158 52 152 175 161 119 25 85 184 94 39 159 186 40 102 128 134 178 53 54 161 40 192 70 41 85 42 147 47 127 160 60 144 94 173 123 42 107 170 89 186 103 31 90 54 108 17 -1  
48 90 65 31 40 52 57 106 158 97 178 60 80 22 143 145 21 35 105 150 189 179 67 135 23 191 170 42 177 173 86 33 150 51 195 166 68 113 82 180 104 87 31 162 138 188 109 127 189 91 199 36 120 181 161 178 191 186 84 108 127 140 84 51 113 164 96 89 141 117 178 194 73 40 169 66 153 97 94 78 167 72 95 132 152 86 122 80 188 157 181 195 111 105 139 80 70 30 167 37 80 -1  
109 53 58 139 32 29 42 190 60 169 141 194 76 195 128 80 29 175 135 43 47 186 105 158 129 62 49 193 69 142 126 120 100 135 98 141 137 57 103 70 100 160 198 104 67 155 111 197 182 82 181 169 129 165 33 185 128 80 174 37 97 93 174 148 178 24 135 29 187 42 97 26 139 165 165 44 107 182 51 183 85 109 183 39 51 183 157 154 124 103 187 83 62 175 21 110 162 150 159 100 10 -1  
90 174 34 199 146 107 181 100 142 57 64 163 134 181 99 163 200 132 180 131 58 152 20 111 106 74 89 195 56 167 144 73 89 187 199 199 49 88 39 133 61 130 177 194 112 107 178 29 133 134 44 163 176 50 122 106 84 58 115 63 123 164 93 47 61 152 84 35 80 121 172 71 132 117 133 184 172 48 81 171 57 100 20 38 143 180 88 172 138 85 156 32 100 44 35 161 196 189 25 112 20 -1  
184 114 176 139 174 92 83 177 72 167 51 68 63 110 92 53 119 171 79 144 149 59 41 49 142 46 79 165 78 101 92 86 181 119 189 166 62 168 122 63 88 64 20 147 39 95 175 141 155 179 145 137 167 31 172 147 160 121 73 141 34 157 119 37 156 31 39 118 147 96 153 48 132 117 85 21 146 129 31 176 49 27 183 179 31 82 121 32 158 144 35 112 35 147 89 69 170 179 177 56 21 -1  
198 164 150 52 115 136 49 23 182 154 34 106 173 147 24 101 44 168 99 138 48 83 104 173 119 83 191 187 57 95 32 105 145 45 166 59 64 113 65 149 179 38 100 72 80 175 22 66 92 198 86 134 130 166 67 35 131 133 33 26 148 197 45 155 169 102 53 142 37 98 200 138 154 33 184 199 131 127 184 179 134 96 159 110 166 200 56 90 164 196 68 87 153 71 87 45 172 139 120 38 59 -1  
119 100 61 146 133 39 73 24 98 30 71 91 187 183 71 26 87 87 80 122 38 108 27 116 90 135 64 199 153 96 81 200 40 70 158 152 88 128 35 31 145 153 135 69 81 102 142 189 30 177 89 79 157 50 113 111 106 25 30 154 105 42 147 178 60 139 23 56 193 180 145 20 103 131 22 89 139 193 155 42 166 53 47 149 83 29 102 134 109 125 102 84 126 198 101 45 154 147 36 185 87 -1  
98 133 126 77 92 184 200 191 32 166 28 187 55 104 42 122 122 71 37 108 122 76 55 104 138 58 68 81 22 153 182 36 82 161 158 186 200 193 42 153 143 141 82 52 125 119 100 57 159 192 173 183 86 111 161 177 193 170 31 137 102 68 171 111 33 178 34 160 52 31 77 169 164 163 114 81 20 135 36 143 53 129 196 52 181 192 44 191 173 100 116 48 55 157 65 58 45 129 53 193 61 -1  
62 79 114 104 103 124 98 149 23 124 66 106 200 89 91 194 182 180 163 93 141 115 95 141 148 192 47 29 69 111 100 50 154 35 34 64 137 39 87 115 200 86 149 102 55 181 126 36 134 197 158 69 37 124 136 135 22 177 130 96 129 88 180 155 89 51 75 99 89 88 145 99 107 174 164 115 33 108 53 89 52 200 104 188 189 47 169 153 164 112 47 96 182 31 73 140 49 135 192 129 61 -1  
189 77 146 22 97 123 90 98 95 95 39 95 39 79 137 98 61 104 170 158 95 181 97 64 73 57 165 145 72 156 50 161 64 189 103 39 29 67 151 157 51 170 109 59 43 91 27 43 114 167 81 56 92 110 63 63 143 68 199 74 126 191 96 116 155 199 46 141 184 77 131 177 158 39 183 85 141 164 117 135 49 193 82 40 149 151 100 129 25 155 167 112 50 116 72 126 152 123 74 36 43 -1  
185 55 111 35 129 156 156 170 174 113 151 171 41 111 186 171 79 173 20 101 197 48 29 156 60 175 26 105 28 33 80 89 137 90 29 87 124 200 183 28 56 181 119 120 72 195 138 24 190 123 53 159 43 162 168 118 120 81 184 47 157 39 167 38 188 198 169 195 176 54 163 193 190 34 169 22 149 37 122 195 184 195 156 155 189 34 37 174 51 184 174 185 72 38 180 63 67 57 118 80 61 -1  
32 26 127 116 158 35 54 189 27 198 169 107 149 140 43 154 189 52 41 124 166 62 134 63 122 200 189 144 34 135 185 165 167 192 168 117 118 129 97 51 171 144 38 121 110 80 154 85 103 38 25 86 127 98 166 83 140 173 105 56 133 146 39 167 191 97 63 149 66 84 179 137 78 149 165 169 120 126 196 26 52 46 143 26 181 112 49 63 120 59 94 143 72 61 33 28 72 134 24 65 85 -1  
135 184 111 38 123 120 159 145 110 77 107 95 163 36 192 82 181 101 37 131 179 179 138 142 53 59 195 109 144 48 68 64 107 121 96 76 152 80 186 50 42 45 63 130 111 65 54 88 41 169 189 161 112 22 101 197 139 120 106 60 175 108 83 152 169 31 30 54 71 30 60 26 27 193 189 137 59 175 51 141 40 173 155 116 61 56 200 86 100 45 141 49 165 149 146 47 170 58 148 179 19 -1  
130 42 45 23 129 96 125 193 95 74 150 105 24 32 45 40 182 133 105 184 57 100 118 46 76 81 183 42 136 50 118 162 99 68 155 153 193 43 54 30 98 102 63 104 168 101 62 102 153 169 171 187 126 30 114 143 61 141 146 181 20 65 31 128 184 182 113 73 132 53 98 116 25 137 191 166 59 26 50 30 193 153 149 188 122 88 171 180 21 167 134 188 107 134 109 188 186 91 161 162 54 -1  
107 184 69 105 197 200 25 128 148 173 135 33 87 89 119 77 54 109 103 168 46 173 23 52 80 133 96 164 200 188 157 79 187 93 75 154 137 41 174 47 71 39 47 46 50 52 32 117 96 91 58 91 92 134 122 167 121 95 197 184 132 111 119 160 87 157 40 25 67 162 70 85 80 198 35 176 188 102 57 115 26 87 50 156 159 137 101 196 148 104 86 80 86 21 126 146 54 82 100 152 70 -1  
101 123 86 28 72 132 102 24 176 138 146 34 159 48 134 79 183 42 138 59 127 48 32 58 42 187 35 180 166 31 109 23 186 76 193 38 159 85 118 27 72 76 128 159 48 95 174 122 123 102 140 64 197 81 45 88 63 40 82 28 117 178 171 163 74 26 103 129 94 93 122 66 71 147 148 123 141 148 75 122 143 21 112 31 154 179 78 60 26 44 183 148 113 146 95 154 198 119 125 112 83 -1  
173 76 38 38 27 167 106 148 158 185 34 167 61 72 159 109 111 73 49 65 172 169 160 25 139 96 126 151 190 84 23 58 125 176 184 158 145 94 122 121 164 29 64 166 114 168 134 160 176 185 50 135 30 150 126 64 32 179 37 149 42 58 158 116 28 186 167 132 155 167 173 136 40 90 107 179 116 189 140 86 63 158 28 52 89 28 106 70 126 132 167 169 192 96 192 131 66 90 124 171 33 -1  
140 80 35 38 86 63 151 162 79 144 60 110 94 21 70 68 177 58 40 193 117 50 98 187 118 89 164 20 39 193 121 92 85 146 154 111 85 98 111 174 159 169 26 103 200 186 167 131 74 152 91 92 197 65 73 52 177 54 176 144 187 192 73 136 98 178 27 104 46 20 74 48 120 157 124 167 185 66 138 131 48 112 165 195 107 33 77 186 170 168 25 98 179 78 107 74 97 101 62 154 33 -1  
98 64 137 137 168 46 140 75 39 181 107 33 86 125 187 23 162 157 90 90 70 181 26 134 96 184 139 112 80 80 82 56 46 81 119 54 156 197 144 125 28 144 184 183 20 57 131 155 87 190 200 137 49 54 176 125 49 115 45 161 91 165 68 29 155 165 43 24 181 132 179 145 148 35 100 43 138 40 110 111 114 136 165 169 81 173 149 157 44 163 77 95 38 123 138 136 186 61 137 132 34 -1  
198 185 79 109 108 78 158 90 200 200 126 140 138 135 155 143 27 93 93 34 163 158 60 138 109 125 34 91 174 74 86 110 181 116 192 105 168 96 49 78 58 74 196 84 120 140 63 143 27 139 71 167 94 44 106 168 115 163 177 157 114 45 149 118 67 30 142 90 22 65 132 110 37 169 167 186 118 98 194 167 34 195 115 24 93 149 84 149 45 137 158 161 167 34 112 197 169 127 196 190 54 -1  
100 90 99 158 155 153 115 118 147 101 50 60 160 22 138 123 44 24 172 126 165 60 132 31 195 27 105 56 135 170 198 99 68 58 182 171 196 175 108 41 106 127 168 41 110 128 110 57 197 135 57 185 80 81 189 137 93 139 29 128 174 157 58 144 51 79 197 107 91 63 95 145 171 80 158 130 92 170 125 117 190 43 158 123 116 109 171 113 95 86 52 65 125 114 55 78 165 50 29 75 14 -1  
194 152 112 23 168 60 167 149 145 48 114 93 73 22 106 108 47 88 160 184 166 83 62 175 183 26 31 30 166 147 45 159 137 22 133 71 119 183 39 161 134 138 184 41 68 119 33 155 107 170 59 59 45 158 62 33 152 111 118 146 53 30 29 143 169 111 69 168 93 34 28 88 144 143 93 51 168 93 34 180 131 146 62 87 175 52 118 76 81 20 92 58 136 91 56 179 112 123 114 56 98 -1  
91 184 32 200 122 52 88 79 160 148 163 93 49 141 176 68 181 144 160 118 163 123 116 182 178 30 61 131 142 196 183 80 197 173 189 142 38 150 29 42 161 68 45 85 74 59 50 191 92 136 112 71 103 188 73 186 120 29 74 104 158 180 175 105 112 81 149 86 82 56 22 45 38 46 23 141 90 80 151 23 199 69 53 150 165 89 135 123 162 140 83 149 117 121 198 107 156 124 172 46 63 -1  
138 98 158 129 92 198 99 185 98 131 50 148 60 83 159 67 184 142 93 182 200 86 90 81 123 68 168 122 133 105 154 110 85 27 38 173 134 87 50 75 156 36 119 20 195 109 125 37 54 98 171 123 90 31 156 100 175 164 85 48 137 126 192 73 33 173 177 158 169 124 120 105 134 150 159 20 54 119 71 157 65 180 119 190 54 173 70 80 139 106 192 36 54 97 97 112 72 78 90 64 63 -1  
83 144 136 98 167 76 44 84 161 185 183 99 39 57 153 190 24 160 162 154 189 123 194 74 155 88 85 31 140 118 173 185 148 42 193 104 161 195 138 173 125 117 75 138 119 84 123 188 84 114 124 100 149 57 42 158 162 184 144 98 111 195 193 43 191 78 138 102 45 65 185 65 136 46 68 107 181 42 137 32 46 197 54 101 59 132 143 146 25 125 105 45 166 150 181 195 163 80 98 125 64 -1  
184 121 48 175 44 114 140 28 23 147 169 124 162 172 25 189 77 150 26 81 84 136 44 131 163 68 156 59 86 117 117 114 96 195 159 190 170 43 90 149 152 124 35 74 180 76 80 191 137 34 137 54 138 64 127 199 131 102 185 80 26 32 176 49 98 100 120 73 135 178 156 136 178 32 149 152 32 163 168 72 142 156 123 66 89 38 176 106 41 140 45 92 41 46 166 154 150 102 80 116 48 -1  
56 150 111 45 119 169 100 115 148 87 130 84 176 38 71 119 104 149 200 125 114 103 132 35 110 149 115 91 41 169 151 193 87 85 37 190 88 32 140 144 191 185 68 129 41 112 128 111 81 114 96 125 71 190 20 112 85 72 100 27 160 133 48 135 120 116 145 118 179 115 123 74 22 37 145 103 199 68 175 65 22 50 121 176 189 58 49 152 87 42 136 154 146 37 59 54 160 59 31 173 43 -1  
138 142 171 172 49 192 129 45 146 56 186 120 185 164 98 153 51 129 54 155 71 178 150 165 37 27 189 74 34 149 23 38 160 140 66 164 104 144 50 59 91 34 149 50 165 93 42 22 64 81 88 158 115 106 76 192 21 128 118 197 159 36 50 65 95 95 180 161 48 137 28 142 100 25 93 199 164 67 196 59 166 131 69 22 101 127 49 52 36 26 140 199 94 113 72 29 153 154 58 158 34 -1  
160 103 157 169 39 34 96 95 170 55 165 190 99 77 99 151 77 53 24 155 64 123 162 98 144 185 197 163 150 65 118 180 21 51 89 123 99 174 101 98 89 167 87 168 30 49 21 156 115 130 96 48 174 139 130 80 134 49 58 150 98 91 162 200 50 45 59 200 193 39 88 22 127 138 167 89 84 117 65 171 42 82 83 127 95 156 91 137 137 44 168 115 147 69 197 188 93 144 194 157 21 -1  
50 97 112 107 23 23 77 50 125 33 187 129 144 79 134 75 35 195 91 38 97 191 153 59 154 83 28 37 149 186 58 134 115 41 123 59 52 173 105 159 73 46 93 125 80 152 166 108 33 107 138 122 117 175 191 162 107 167 134 37 126 136 197 182 23 142 159 102 122 141 181 116 37 45 104 146 121 45 71 88 134 107 160 193 99 60 110 139 50 73 69 30 141 172 20 195 60 29 132 147 18 -1  
144 140 92 199 34 148 50 180 194 54 139 97 143 149 125 53 85 147 91 168 147 106 178 129 146 25 166 126 25 74 194 50 98 113 151 109 27 166 46 51 63 145 175 100 35 197 49 112 121 26 88 145 192 172 167 143 192 160 151 157 59 41 95 151 105 72 177 43 50 116 165 132 90 29 119 195 181 173 27 82 28 66 141 168 105 79 168 171 23 163 56 134 63 108 40 157 102 104 150 44 68 -1  
129 199 172 178 55 94 90 23 53 178 111 97 119 109 61 113 142 60 50 156 85 146 105 149 138 96 44 140 179 83 106 108 60 32 138 142 37 178 73 52 169 140 54 30 88 114 101 118 47 127 117 23 153 46 23 74 192 161 61 89 177 72 147 46 36 87 57 154 150 158 97 89 158 80 75 146 83 113 113 110 20 101 179 66 43 97 135 65 132 26 153 35 41 54 181 61 37 129 125 165 74 -1  
44 187 23 70 128 115 146 90 171 138 73 67 94 184 53 144 69 189 71 79 178 197 179 77 190 161 85 42 175 57 194 150 112 96 50 62 166 183 67 121 177 34 36 24 47 123 122 57 55 23 147 45 80 108 113 57 144 27 109 174 28 134 87 170 167 139 153 74 116 132 21 53 87 194 109 120 102 118 54 68 77 180 137 57 192 51 66 143 118 107 98 185 75 45 83 149 67 156 101 152 12 -1  
75 61 174 98 193 108 50 58 126 22 53 183 39 36 166 131 53 47 118 39 167 101 138 59 83 91 170 179 164 145 34 32 154 117 56 75 54 74 174 36 110 152 197 149 103 37 39 90 109 175 49 31 189 36 182 78 180 40 137 116 109 196 186 93 32 144 152 95 86 162 38 57 105 80 53 143 23 100 174 99 157 129 152 149 31 149 196 130 121 167 74 131 81 60 70 175 192 108 157 113 68 -1  
34 200 164 26 66 78 197 126 43 115 109 131 67 81 175 108 54 191 71 113 79 119 54 74 179 108 60 99 121 103 121 196 78 55 76 40 131 117 102 199 172 54 183 99 148 132 21 70 40 194 26 87 166 195 94 84 139 176 95 128 161 77 54 61 182 80 49 173 94 36 174 134 60 95 63 32 190 196 196 158 115 87 44 23 173 77 181 167 28 97 35 135 97 105 87 112 175 50 33 83 28 -1  
196 85 162 103 56 95 168 56 150 174 159 197 152 44 105 120 83 165 134 86 188 126 37 104 71 158 56 149 200 160 106 123 139 116 108 185 23 88 97 42 153 178 143 113 152 27 132 117 185 69 30 31 86 165 56 94 47 170 71 85 53 33 187 48 81 161 31 29 38 197 39 98 55 125 177 150 73 184 173 160 43 116 67 179 97 171 134 133 194 119 79 163 28 157 192 58 103 132 111 31 95 -1  
170 150 93 145 67 197 80 138 179 158 70 77 59 146 135 198 126 180 87 46 160 22 160 59 37 69 145 183 153 171 200 92 35 162 151 66 22 165 23 135 164 41 76 200 160 37 135 178 189 142 152 182 50 61 89 183 151 26 94 147 67 198 64 122 120 30 36 103 44 30 46 137 131 40 157 130 55 79 47 125 34 137 127 195 104 189 176 182 78 35 116 105 145 30 188 134 87 175 198 129 81 -1  
184 56 186 157 26 69 171 24 108 125 118 58 104 111 169 43 199 43 133 126 57 128 122 117 200 85 70 177 54 60 92 100 161 199 75 113 161 154 135 64 101 143 40 46 158 84 153 54 87 169 23 164 71 182 165 150 180 136 162 142 44 124 112 90 128 189 164 190 73 161 75 178 131 79 159 25 159 44 178 141 191 135 127 130 141 107 144 41 131 42 141 130 64 37 145 196 141 40 89 108 10 -1  
191 69 81 127 103 138 62 44 157 144 150 170 140 93 184 62 196 126 145 198 174 145 45 163 186 165 63 191 131 179 172 176 88 82 187 161 151 189 49 148 199 186 115 88 124 36 139 159 134 64 84 187 162 50 71 199 107 83 100 167 136 122 29 118 22 152 32 165 61 145 98 115 189 151 124 72 154 128 75 93 61 74 157 187 38 192 72 128 58 57 30 53 38 169 42 114 200 173 200 160 85 -1  
128 171 20 181 166 71 60 109 65 77 120 24 104 191 184 52 34 43 155 187 111 174 189 152 21 89 28 38 107 152 162 182 30 32 49 120 63 88 68 159 42 165 26 107 118 126 60 165 45 166 44 113 146 109 99 148 36 25 182 22 91 93 199 36 38 177 162 199 32 142 77 58 21 186 34 134 43 38 109 93 86 129 178 170 160 62 27 53 181 66 146 118 152 87 28 189 81 56 80 125 87 -1  
29 20 72 66 22 117 169 34 47 71 192 137 105 152 88 187 47 84 89 198 48 103 115 188 20 182 151 87 168 34 167 78 163 154 73 149 133 37 76 41 72 194 116 130 176 25 75 133 165 96 56 147 23 135 189 76 24 33 200 60 103 79 57 167 75 176 46 82 100 151 59 55 109 155 24 169 85 65 161 76 182 129 106 179 58 50 65 32 63 114 190 197 93 118 129 126 114 31 159 30 20 -1  
133 102 30 185 30 48 190 86 129 30 82 74 128 188 193 185 88 79 67 130 186 193 118 111 158 71 136 93 134 49 68 131 180 88 96 50 166 147 180 32 28 74 57 96 99 90 138 62 180 121 71 43 135 30 105 181 98 131 125 30 130 99 161 131 29 65 106 155 178 56 56 182 144 136 138 130 97 79 86 71 46 70 20 78 146 142 154 137 187 148 23 146 112 145 59 93 130 20 113 194 54 -1  
104 59 196 43 111 160 148 127 148 59 87 74 77 27 139 44 146 117 178 108 176 24 63 117 20 37 181 61 95 62 132 66 95 54 96 195 195 173 43 101 55 27 136 99 32 64 113 109 130 176 172 68 91 181 156 138 138 93 134 81 123 106 71 158 135 103 130 63 60 83 81 102 147 171 163 58 143 109 162 118 197 134 189 168 38 44 94 42 193 73 175 52 105 22 163 80 38 22 77 30 34 -1  
35 99 134 112 59 134 135 23 45 30 125 171 92 143 122 104 87 93 109 118 131 155 122 94 175 119 68 131 125 46 61 86 173 156 33 136 183 169 36 102 92 128 116 150 36 119 136 49 144 28 39 128 64 126 126 26 66 92 31 117 149 90 52 82 157 66 190 94 110 66 53 51 184 109 48 86 22 135 195 101 47 40 50 196 98 65 45 138 90 53 177 107 72 115 197 154 145 54 170 129 19 -1  
90 168 68 35 110 22 112 191 166 121 189 147 87 47 100 195 113 47 146 109 113 188 48 72 58 156 44 58 57 178 110 119 92 132 67 142 138 116 114 121 107 143 58 44 50 70 142 61 61 92 21 185 155 25 171 147 140 173 96 69 53 132 157 97 146 187 60 139 119 150 154 120 63 36 172 112 181 102 47 34 63 37 175 198 159 136 48 124 71 132 41 144 179 41 164 109 150 54 188 127 63 -1  
42 192 172 42 194 78 67 26 128 157 122 148 137 43 174 190 53 38 160 33 29 114 29 131 50 126 58 98 60 52 116 114 171 40 158 21 90 37 135 157 23 48 140 69 60 152 125 65 73 164 131 44 174 147 85 115 174 88 145 49 152 65 32 48 65 185 148 195 130 70 38 72 99 185 64 20 36 134 99 102 21 69 119 115 166 64 55 191 171 119 123 159 166 182 60 96 86 62 135 180 45 -1  
52 151 86 116 151 59 88 22 42 180 104 158 46 133 130 137 164 144 89 75 39 101 167 197 169 192 119 161 89 97 125 92 65 136 108 62 65 194 38 200 50 175 51 23 194 89 196 65 196 180 112 200 166 117 32 149 75 35 47 146 194 188 57 157 176 78 67 162 97 54 67 184 37 100 20 45 178 31 41 153 179 140 55 125 90 183 39 148 100 161 20 102 48 104 162 186 151 35 171 139 43 -1  
86 114 191 172 190 112 60 116 162 187 141 191 191 166 117 104 38 118 81 136 81 155 153 181 160 137 188 135 92 151 33 124 67 197 185 131 164 51 192 128 64 88 131 86 108 86 106 27 62 26 163 143 159 141 175 56 72 122 38 66 189 132 125 150 46 169 92 158 119 186 139 118 40 168 25 27 149 26 96 160 177 185 21 136 171 194 141 70 124 33 138 95 117 53 85 95 23 23 168 92 50 -1  
153 166 159 53 87 69 135 46 123 47 152 74 197 196 56 81 179 57 108 92 97 148 147 188 37 65 177 71 93 96 191 62 22 38 164 78 132 139 59 111 30 196 173 54 143 162 92 144 35 73 83 114 139 150 118 88 82 22 117 64 58 31 172 31 164 160 151 101 77 63 74 103 110 130 97 91 60 36 111 67 160 125 158 106 64 95 132 104 110 34 24 170 62 53 55 31 33 188 30 148 86 -1  
100 154 140 103 198 115 58 67 78 130 77 129 147 179 130 111 146 143 57 34 126 132 72 126 170 198 65 89 122 148 161 47 85 157 64 65 62 85 94 23 159 30 71 188 164 172 97 42 152 170 93 151 48 91 88 95 109 49 158 76 191 137 128 167 196 129 147 85 156 40 144 38 152 27 55 176 83 183 92 45 161 183 56 103 122 198 25 99 122 64 99 101 198 181 46 72 138 113 27 175 24 -1  
54 84 174 176 132 119 87 133 143 186 35 126 148 29 183 195 118 51 87 127 164 133 173 165 45 42 61 136 85 73 134 51 58 198 45 116 191 199 105 117 106 167 83 122 61 85 92 141 80 71 159 154 169 192 154 29 88 194 189 92 92 25 125 197 149 194 21 60 43 26 117 127 51 85 87 121 180 158 28 61 196 108 133 154 56 195 83 140 151 63 131 113 148 151 32 125 27 90 27 113 89 -1  
155 80 82 128 127 42 115 189 110 52 141 149 197 165 108 192 35 89 32 198 169 100 187 94 177 175 78 63 150 103 22 52 141 138 61 66 34 187 95 21 42 158 130 40 116 30 84 115 190 146 85 23 29 43 136 22 69 28 55 194 90 115 24 114 198 98 101 44 158 168 47 119 160 61 135 129 174 34 107 153 98 97 118 74 27 84 185 141 86 79 193 179 193 165 40 159 115 175 84 48 78 -1  
80 192 46 145 56 200 60 101 31 136 108 175 188 76 93 144 164 143 172 179 161 93 45 109 127 22 51 36 176 102 74 154 23 179 89 109 55 148 171 141 85 179 135 139 103 98 58 175 124 28 39 32 155 108 28 80 104 183 139 98 112 113 93 172 147 56 119 86 154 45 46 59 83 148 194 188 163 65 132 79 108 111 59 126 187 147 168 138 113 27 56 102 46 167 44 21 192 94 106 140 31 -1  
53 138 35 183 110 150 128 122 124 161 86 114 26 123 57 49 194 185 74 153 47 172 193 182 104 116 137 191 130 89 108 71 42 128 151 103 86 21 184 125 97 38 79 115 92 32 69 89 109 115 119 100 158 40 133 24 156 107 129 47 199 110 157 24 77 132 104 108 191 138 114 162 155 66 170 118 117 137 53 73 75 25 116 96 153 176 144 138 38 164 123 77 26 128 135 69 106 192 48 46 50 -1  
149 147 184 187 179 183 22 88 61 47 142 171 177 23 143 196 53 192 174 196 170 71 87 65 67 65 184 44 169 158 72 25 146 167 87 115 28 119 143 46 145 175 31 157 22 173 85 70 92 58 147 108 69 155 34 173 79 151 89 44 110 104 100 162 182 191 120 97 81 158 96 81 190 107 105 192 42 49 59 77 135 188 157 139 141 155 80 85 38 175 103 177 77 70 146 121 76 36 199 51 87 -1  
179 144 57 90 128 65 157 136 62 61 79 192 116 91 119 114 103 41 187 102 119 156 107 73 112 117 165 38 191 72 51 131 139 48 92 160 154 98 58 72 130 26 174 167 147 121 90 39 26 95 175 81 50 159 169 125 114 149 158 136 185 77 93 65 29 167 144 137 90 130 125 43 178 155 52 195 38 191 153 180 181 29 187 131 115 172 155 181 55 97 52 180 25 66 182 194 110 66 78 144 19 -1  
106 74 99 170 170 102 63 104 170 57 94 116 125 181 138 150 101 170 94 41 89 191 100 131 158 93 176 79 142 118 59 189 113 85 45 192 176 29 178 147 101 95 38 198 56 57 142 200 70 39 175 62 110 37 68 53 175 62 103 161 199 81 183 82 174 78 74 152 162 126 127 91 49 93 148 165 197 99 58 49 151 176 154 186 59 50 53 199 136 24 152 137 37 121 95 80 117 179 155 57 97 -1  
112 119 152 62 177 120 198 109 109 140 76 200 111 40 182 52 150 90 98 156 46 91 49 139 97 133 85 45 148 80 92 110 102 160 28 182 140 178 32 167 127 133 115 180 24 125 120 23 84 72 183 111 199 45 86 55 149 106 80 57 68 85 26 191 104 138 150 109 131 110 93 151 118 35 69 173 148 67 143 21 73 131 126 188 114 182 34 30 59 88 78 65 145 155 43 97 76 87 151 28 66 -1  
38 183 32 109 163 124 39 113 185 47 125 170 79 103 198 41 170 97 64 44 64 103 200 130 195 200 88 44 50 116 93 139 153 200 42 159 64 165 128 188 179 189 167 164 129 126 57 114 115 94 146 59 100 171 40 117 131 122 60 188 149 168 163 51 74 194 196 125 39 114 167 29 23 55 88 33 43 197 197 126 27 192 155 149 107 38 42 126 166 147 128 129 93 51 77 108 75 39 48 137 36 -1  
131 186 27 197 157 51 21 87 154 144 191 21 145 74 127 38 192 176 161 101 173 78 86 40 31 72 28 163 153 137 183 132 84 159 152 57 118 126 175 149 96 75 191 198 146 161 161 49 97 59 48 165 90 167 114 122 37 168 105 36 145 69 77 189 177 70 143 166 47 154 152 91 189 161 166 21 151 145 117 164 82 139 113 165 93 35 100 78 163 122 117 67 107 125 59 146 99 116 190 158 73 -1  
29 94 187 148 191 86 143 64 95 68 75 197 58 36 43 100 152 141 150 117 162 85 101 156 168 83 153 87 45 51 187 105 185 39 39 169 32 62 27 30 124 37 36 185 26 63 113 37 198 186 167 31 196 73 177 168 87 26 168 27 107 26 99 73 165 149 37 44 81 82 131 126 22 87 195 121 126 24 159 64 154 172 36 73 198 146 88 175 168 38 46 164 131 72 101 175 112 149 192 95 11 -1  
65 76 87 171 107 113 76 198 162 145 139 174 151 77 90 142 147 70 192 167 184 40 91 164 199 126 44 102 180 46 163 73 153 62 22 100 105 98 164 22 52 117 114 65 50 199 134 97 67 176 177 84 99 195 176 99 165 21 163 117 122 111 53 40 153 166 46 115 29 97 108 158 98 190 146 126 196 39 35 119 177 26 85 168 168 200 124 48 34 21 125 68 188 20 94 182 63 56 102 178 41 -1  
106 165 46 61 192 198 50 100 47 150 101 86 103 165 122 179 134 66 26 148 54 148 102 167 48 22 184 32 157 154 49 58 139 140 121 79 77 130 78 50 42 179 177 52 126 141 93 114 45 171 90 114 103 158 154 27 117 36 55 48 160 106 166 119 95 141 156 165 195 43 124 131 123 42 85 175 80 28 28 146 152 87 44 25 133 162 160 113 103 170 76 58 161 195 82 151 159 79 161 48 93 -1  
90 197 116 27 181 44 142 41 27 82 109 62 124 74 164 113 146 95 105 56 50 189 35 70 194 119 138 169 39 173 34 109 50 81 143 63 99 198 160 190 181 58 169 164 65 31 122 116 87 141 193 188 198 89 89 71 82 157 121 83 145 98 63 109 137 38 49 143 83 105 48 51 104 72 51 100 147 97 147 43 71 179 135 22 89 54 67 122 128 156 142 20 48 194 137 104 110 54 162 37 80 -1  
85 54 30 91 133 70 196 40 196 38 53 146 49 121 156 140 27 183 60 76 145 56 111 41 128 126 179 140 138 121 149 175 59 132 83 62 139 68 105 91 44 175 118 39 185 87 20 177 38 84 187 177 104 137 66 94 108 136 99 143 32 64 95 80 83 55 162 120 76 166 156 165 28 162 146 148 96 76 55 126 29 54 198 196 121 158 134 50 193 200 68 186 62 20 37 48 171 35 193 95 42 -1  
130 129 51 33 104 124 73 163 51 24 95 26 37 47 58 83 113 62 36 75 71 104 147 171 69 125 64 75 164 57 30 48 72 158 115 194 70 112 135 80 102 164 46 162 93 29 125 20 136 153 191 81 140 176 44 70 138 90 79 38 141 196 196 171 57 69 131 145 184 130 80 32 96 105 40 189 173 200 79 39 188 135 76 94 122 164 185 121 127 99 197 92 107 79 171 120 28 48 113 24 89 -1  
105 44 134 84 152 182 114 48 149 186 96 167 48 119 168 176 150 160 102 161 133 72 143 180 111 92 152 45 166 87 53 199 119 91 102 116 62 72 57 119 170 125 142 93 81 141 152 75 166 53 27 180 72 124 147 196 165 184 173 52 126 90 149 196 168 99 67 144 71 196 77 115 153 69 188 88 112 21 81 34 173 92 123 189 124 141 58 183 54 135 176 26 58 149 175 133 51 93 26 114 55 -1  
66 165 72 34 24 192 20 147 198 175 61 62 186 106 71 149 46 58 174 116 177 124 146 45 55 42 151 89 43 177 71 27 169 178 113 75 111 173 159 22 177 91 79 102 82 75 105 105 61 25 179 56 68 192 114 144 174 119 99 36 118 59 137 175 37 158 127 88 135 62 79 79 81 90 145 132 121 123 73 109 82 82 176 75 198 59 184 138 27 76 100 184 170 21 91 131 140 76 103 149 79 -1  
200 37 21 180 105 200 126 151 58 67 40 164 99 61 192 118 35 185 187 39 152 74 95 166 108 182 37 193 144 84 196 20 107 168 79 162 166 23 37 42 114 60 31 32 44 82 31 167 173 50 83 48 188 134 188 133 87 100 142 139 86 28 41 63 52 192 92 142 169 119 165 135 98 32 149 158 77 156 181 98 31 132 22 61 36 88 143 42 174 198 53 79 152 183 40 63 144 27 45 78 49 -1  
158 192 56 31 160 159 163 31 62 110 153 173 154 123 170 87 87 122 107 68 135 116 21 66 121 95 26 181 118 168 179 72 107 89 159 54 141 53 101 59 150 69 172 141 28 108 53 195 60 88 177 68 159 98 101 99 47 95 39 45 135 73 116 149 38 159 171 171 101 62 190 23 120 28 122 200 149 130 104 137 188 101 82 95 162 23 85 63 116 123 180 45 31 154 64 138 52 152 188 107 70 -1  
103 24 109 166 94 89 90 90 60 116 198 176 124 134 30 144 192 51 80 43 137 171 157 98 89 82 166 78 88 84 123 138 142 135 40 194 156 165 166 107 57 151 143 168 38 50 65 89 79 65 123 81 50 96 51 126 45 125 49 168 88 121 119 79 93 96 87 99 44 103 102 47 44 34 179 56 59 103 130 185 84 38 162 138 140 64 79 57 24 88 73 109 49 159 125 27 172 165 64 185 14 -1  
66 62 55 88 191 39 44 180 24 188 186 140 172 192 129 50 38 53 144 125 142 114 43 37 126 54 194 154 35 115 162 155 152 148 195 137 60 161 176 111 57 183 132 29 114 52 122 56 40 42 169 61 43 39 29 25 155 110 27 185 33 158 130 26 76 46 41 149 73 61 119 126 77 71 141 54 132 88 140 175 172 174 58 21 190 166 52 88 195 183 29 92 30 67 79 193 53 108 106 142 44 -1  
105 27 24 23 197 137 162 112 27 133 107 192 185 94 130 71 66 68 78 148 79 186 41 43 124 83 155 176 155 122 37 150 163 35 182 135 123 48 93 64 52 69 175 177 117 108 175 68 163 190 143 166 167 45 108 155 152 80 50 28 52 46 97 99 81 55 88 44 199 22 197 198 107 184 117 134 167 176 72 56 27 123 185 50 110 141 113 87 95 100 135 42 172 100 22 123 124 70 92 59 29 -1  
30 114 93 98 157 37 89 188 110 28 54 42 49 43 84 115 134 154 192 61 152 78 173 128 23 105 68 184 178 40 191 173 134 62 70 58 147 105 28 200 170 69 106 173 133 187 43 162 61 70 128 94 71 64 58 42 85 187 148 93 55 52 54 116 22 90 60 109 113 68 121 84 187 125 46 132 145 193 119 163 148 58 44 146 132 66 21 132 96 168 154 152 133 168 71 170 199 59 72 133 58 -1  
40 96 118 63 106 177 155 68 59 38 88 70 93 182 88 122 114 87 42 108 192 152 64 37 166 141 33 83 42 68 182 190 111 30 136 104 53 86 150 90 94 144 107 70 53 34 135 135 130 43 126 97 22 146 183 153 142 121 114 155 78 117 101 59 91 185 20 149 143 92 73 81 199 166 42 194 36 100 134 138 87 145 59 125 23 167 122 72 34 169 125 84 53 180 39 180 82 49 106 92 92 -1  
116 155 81 29 106 116 104 198 163 132 84 176 87 88 64 54 87 74 150 107 119 91 102 185 163 27 143 106 169 94 125 162 188 52 47 150 104 103 41 163 38 180 68 32 174 37 27 126 79 148 24 72 67 192 135 85 178 196 162 147 76 107 26 33 140 114 139 107 116 80 139 113 44 82 109 140 189 164 118 48 95 85 98 108 47 86 31 99 88 53 104 56 164 115 33 146 30 122 118 99 17 -1  
99 91 23 161 35 200 41 49 94 173 117 51 200 198 65 185 106 20 89 32 31 115 119 153 32 145 183 100 119 88 181 179 85 90 74 47 88 132 199 85 178 60 129 87 195 34 93 75 65 92 59 140 101 142 167 159 104 172 166 34 152 174 157 42 134 27 61 30 26 194 152 43 108 159 29 39 54 130 126 161 85 43 58 187 187 36 189 38 75 76 155 156 154 45 52 183 39 26 169 53 26 -1  
179 34 151 70 75 47 89 175 132 141 30 92 42 188 166 115 41 24 93 136 164 178 57 36 45 117 183 38 195 145 191 68 165 127 44 110 104 52 111 103 34 136 56 24 114 62 197 183 120 198 24 140 97 160 198 93 142 194 174 76 71 115 161 69 36 46 33 123 131 118 133 62 154 77 131 169 93 156 171 92 27 24 55 43 153 37 23 200 84 89 106 190 174 152 72 25 116 164 189 33 100 -1  
79 128 57 157 157 85 110 187 110 160 33 149 32 135 28 147 81 155 33 120 55 70 76 91 84 92 164 61 184 104 141 59 36 183 20 74 101 150 88 76 168 176 131 139 133 194 134 179 103 140 156 38 119 131 67 61 182 80 148 78 146 101 171 195 165 173 88 98 24 60 198 198 187 46 120 77 130 174 116 22 103 81 171 56 128 68 28 126 89 38 98 23 125 79 152 41 123 50 130 171 15 -1  
174 106 71 161 167 102 147 57 112 195 71 166 49 92 39 174 58 123 29 42 183 44 123 118 200 190 124 64 131 94 51 105 112 94 123 99 149 164 186 166 145 185 105 100 66 44 82 116 64 94 171 21 165 69 28 38 48 38 35 54 87 145 40 192 58 171 182 128 169 148 137 102 117 176 77 48 75 53 26 71 25 187 21 165 141 90 86 150 185 136 54 198 178 118 80 44 63 29 133 122 11 -1  
169 198 88 145 43 199 193 66 108 66 27 108 66 62 70 28 166 108 97 84 155 91 112 80 26 113 31 60 128 161 200 195 45 164 61 101 22 158 134 58 47 164 28 96 64 173 91 86 82 156 170 116 45 74 33 84 195 77 120 127 156 24 100 99 98 183 128 40 196 177 131 132 84 63 65 119 143 105 181 106 61 37 71 197 151 53 29 106 151 153 74 74 36 86 142 94 162 90 93 37 97 -1  
53 195 62 46 129 142 154 100 28 118 165 49 62 200 31 119 154 160 173 115 56 154 147 162 162 46 50 196 45 183 59 98 139 161 159 45 83 191 100 174 159 179 72 45 112 172 66 88 67 32 150 32 69 73 50 173 100 55 112 159 132 138 29 140 105 55 55 23 81 33 25 101 141 112 162 131 22 154 72 99 186 38 152 160 38 120 116 75 93 155 102 191 78 59 181 93 21 158 172 68 59 -1  
163 199 169 141 109 85 129 93 97 81 59 122 142 58 149 63 38 159 134 127 95 102 121 50 119 115 31 187 189 25 166 25 194 197 37 144 163 98 23 38 42 170 20 166 95 74 36 97 133 105 103 34 155 117 104 23 163 193 83 159 70 88 82 99 37 121 181 176 178 197 77 82 32 138 33 162 70 191 45 74 186 67 105 100 29 113 76 44 92 119 142 29 87 197 54 170 75 110 45 71 63 -1  
95 134 191 71 40 169 177 135 178 46 199 49 144 101 161 119 52 57 157 132 142 164 42 106 98 60 102 41 66 33 191 121 122 185 156 174 113 94 108 135 85 71 22 64 25 162 177 76 192 91 31 73 107 125 84 92 21 140 66 116 98 63 46 109 104 190 67 144 126 168 140 133 178 137 116 49 133 154 182 151 101 44 68 139 52 122 184 113 40 130 22 45 86 115 24 36 94 165 88 50 31 -1  
99 193 101 110 76 25 191 191 130 50 29 36 154 179 66 37 100 191 131 121 75 110 181 175 49 163 110 129 99 113 160 21 101 49 50 184 137 46 133 119 175 25 144 199 138 83 33 160 44 75 172 149 27 102 114 174 58 94 153 165 116 58 50 175 184 169 46 86 141 181 157 134 118 169 85 182 111 186 29 54 197 78 87 56 99 142 109 104 45 196 118 32 42 182 29 91 83 72 161 125 90 -1  
163 92 45 165 154 150 85 142 86 158 99 52 39 111 106 142 32 134 174 140 144 180 132 20 189 160 158 128 132 109 152 125 199 196 139 24 185 40 182 186 112 86 141 113 155 73 166 49 45 200 91 136 101 65 196 159 29 145 143 151 61 139 127 107 25 84 197 80 49 194 155 147 85 124 70 128 150 125 153 195 132 50 57 83 180 20 83 174 39 131 23 63 159 185 189 158 72 52 117 169 22 -1  
55 136 112 176 57 138 144 82 139 43 44 102 69 96 38 139 194 169 182 68 189 114 111 194 143 66 187 69 101 179 116 172 104 73 171 145 115 128 93 86 96 56 29 131 96 43 30 47 56 103 140 163 148 90 74 115 177 160 174 123 37 152 79 147 103 69 88 80 128 104 33 69 35 154 29 151 192 49 71 187 118 105 122 38 174 124 66 184 88 133 148 106 102 166 105 153 45 60 74 57 35 -1  
43 96 120 51 45 149 129 88 51 138 200 61 92 186 66 183 181 24 108 59 94 141 182 49 91 99 94 26 45 118 183 124 174 114 121 22 105 176 31 43 34 25 68 171 148 96 131 81 48 107 46 83 199 147 158 33 85 78 141 148 90 118 114 51 63 88 109 32 187 47 31 169 156 31 37 54 185 189 192 155 84 50 65 184 124 64 88 95 150 190 102 190 55 178 118 152 42 170 43 177 67 -1  
106 127 132 146 91 169 58 190 130 69 136 98 163 43 129 147 182 104 157 117 109 142 179 92 142 49 142 94 76 189 60 185 103 167 162 118 177 136 120 193 171 180 72 95 177 195 32 22 175 61 72 30 27 157 29 90 155 193 116 156 80 52 44 78 100 127 191 104 189 179 149 77 43 145 131 27 64 200 78 200 50 86 105 26 32 140 28 152 147 190 120 187 42 33 43 132 164 38 32 109 53 -1  
59 162 129 182 179 153 26 79 193 163 138 88 192 68 161 144 127 25 68 84 200 116 200 88 117 135 159 75 68 49 171 129 38 167 56 155 189 189 99 180 137 49 99 38 22 68 55 77 177 122 122 20 116 159 55 55 22 74 48 131 20 36 77 134 51 44 142 49 182 155 163 141 82 164 98 99 191 122 59 72 100 37 195 103 185 84 54 108 105 52 102 32 107 152 96 185 141 62 39 152 41 -1  
173 124 126 128 101 159 112 150 72 195 177 50 85 24 129 47 77 63 115 104 105 26 126 76 20 71 31 105 184 65 192 92 32 122 186 168 64 83 22 100 112 144 192 172 40 137 163 32 176 172 106 141 97 86 73 63 61 113 97 91 46 75 88 178 188 161 178 115 84 29 70 50 119 74 149 28 177 55 82 110 159 84 88 156 94 131 79 44 100 67 185 89 119 188 178 93 57 183 32 78 25 -1  
32 87 87 177 59 119 28 112 127 161 152 111 48 199 184 94 60 152 20 134 131 50 111 143 81 192 199 139 170 142 159 91 188 37 56 175 76 146 58 68 39 49 121 159 142 32 91 158 153 60 146 80 56 50 107 150 36 141 195 180 187 78 70 25 189 112 46 143 77 57 88 124 173 139 176 152 54 20 191 93 193 135 24 42 184 55 183 69 139 86 172 168 57 24 28 81 130 161 149 129 96 -1  
95 160 120 157 160 44 167 185 97 142 186 70 47 84 112 115 66 132 66 167 44 76 162 154 72 45 52 87 44 45 41 98 47 45 191 51 106 93 56 89 37 24 130 171 113 20 166 185 92 67 130 136 138 129 132 181 83 22 54 193 130 39 148 81 93 80 81 70 176 66 164 179 22 118 46 194 176 168 97 107 118 120 190 44 33 45 150 83 58 121 42 187 24 47 135 125 143 167 40 35 99 -1  
28 138 69 68 29 24 106 196 164 46 20 32 154 60 94 58 182 39 113 84 156 38 54 23 146 24 152 124 27 196 67 49 37 123 169 163 180 75 142 159 112 65 31 92 72 31 162 150 193 35 52 108 42 197 166 135 26 135 197 171 26 105 187 77 187 126 107 91 164 108 95 155 127 97 117 195 44 88 54 181 112 26 47 91 152 191 93 49 156 110 77 86 35 159 113 65 151 86 136 149 81 -1  
156 84 98 82 44 54 187 50 41 140 33 194 63 88 99 110 40 191 36 114 132 53 102 72 178 160 60 21 122 155 128 156 187 37 175 156 66 158 46 152 97 128 135 70 191 62 52 58 171 187 139 77 83 188 120 102 137 38 77 156 142 47 151 144 21 105 95 20 61 54 38 60 175 174 155 81 129 148 41 161 99 180 23 129 68 78 182 29 97 136 186 180 143 199 108 140 193 143 80 115 12 -1  
146 32 171 60 159 139 57 151 43 35 147 175 123 185 153 123 126 148 51 73 162 27 62 155 183 81 143 177 31 64 163 155 142 177 49 150 115 38 124 82 151 27 99 20 76 169 80 191 114 91 72 116 125 162 114 29 149 20 105 100 132 26 28 67 126 144 79 137 68 154 60 83 141 86 97 116 175 71 129 189 156 166 88 146 73 178 164 198 84 182 185 67 25 60 61 160 27 198 86 188 87 -1  
21 94 122 162 55 174 178 24 136 102 175 81 110 183 52 30 39 94 133 143 175 24 63 176 72 85 112 24 144 159 73 40 171 155 190 122 32 58 167 135 79 146 133 172 181 151 126 24 189 103 21 43 141 28 69 115 60 70 163 65 196 142 157 132 34 149 127 106 41 169 166 22 35 56 114 77 109 63 156 139 107 155 163 135 118 194 63 53 130 35 92 63 129 59 52 198 89 174 44 183 31 -1  
176 85 142 169 142 32 156 78 198 62 134 41 89 23 190 126 59 90 110 98 193 50 100 185 159 62 105 49 192 154 120 148 160 199 20 144 59 39 133 136 21 29 57 24 105 66 155 135 149 182 35 49 123 61 183 138 170 185 126 166 159 77 89 143 29 32 173 93 106 199 191 47 33 119 179 24 183 126 132 183 105 188 108 20 47 165 33 113 110 99 73 107 149 171 102 180 62 39 108 111 21 -1  
61 78 24 143 53 127 102 179 76 176 200 175 90 51 60 89 28 190 87 53 31 51 65 112 186 26 74 114 31 74 199 86 44 90 143 141 99 139 34 26 58 83 82 133 113 74 124 114 35 151 166 78 147 112 56 35 109 52 96 108 101 119 183 20 184 143 25 114 48 68 114 29 21 106 64 67 42 112 180 23 20 104 81 125 43 96 119 42 24 175 73 24 79 187 60 161 75 58 20 57 79 -1  
187 190 149 196 121 89 137 144 99 153 91 146 97 78 181 22 136 158 146 117 121 61 115 110 164 87 26 115 153 162 47 175 31 174 54 32 60 187 62 71 172 118 91 98 119 176 163 43 181 39 132 27 183 170 152 113 142 146 80 115 29 196 34 116 63 26 74 131 191 172 107 73 91 124 126 189 42 123 149 62 143 167 20 157 70 196 192 131 148 122 167 140 176 180 200 54 44 55 160 148 53 -1  
112 113 72 99 89 66 88 199 177 79 120 87 95 118 72 28 83 31 153 81 142 55 20 200 56 42 94 189 29 122 132 86 63 29 65 99 83 151 123 76 46 87 81 86 52 185 45 85 177 138 186 165 131 145 77 144 89 107 99 162 137 86 96 55 183 141 23 63 161 187 143 138 87 62 144 94 67 154 140 196 63 85 35 183 62 167 71 112 74 96 91 104 150 194 134 175 26 42 76 22 88 -1  
76 178 38 22 56 167 156 63 181 142 80 136 65 160 66 40 53 54 151 58 178 199 95 79 177 84 166 113 70 129 117 127 165 190 123 125 30 52 175 41 91 186 63 34 146 195 195 86 69 32 89 153 129 102 27 88 162 172 83 35 58 200 158 155 185 118 173 51 37 70 72 118 129 28 37 197 164 91 42 103 132 43 40 90 50 177 158 93 57 83 179 46 35 32 170 58 124 49 101 165 70 -1  
191 45 186 67 143 141 188 63 59 80 41 75 148 25 47 20 139 88 198 151 83 123 26 188 31 166 58 49 166 101 24 155 189 123 72 34 98 180 135 167 180 144 137 158 137 38 94 129 63 142 167 173 119 149 185 84 87 162 158 23 167 51 139 118 128 87 114 71 138 153 158 166 51 98 27 118 62 128 188 42 33 192 103 116 70 186 46 168 133 63 180 176 194 134 127 104 153 180 92 66 77 -1  
135 162 98 150 107 151 89 104 124 188 125 147 112 174 138 160 33 158 25 58 166 73 33 139 66 86 196 161 115 61 91 194 74 27 40 193 199 188 100 66 43 196 76 59 86 151 80 193 45 30 151 24 83 41 120 103 58 186 48 118 117 164 159 77 155 56 120 193 62 78 166 78 70 130 141 92 180 131 107 169 162 114 185 184 73 93 47 104 157 127 41 27 162 20 175 146 102 79 164 153 42 -1  
109 134 194 58 93 60 164 173 91 171 152 139 125 119 174 57 142 169 69 62 198 154 95 149 179 142 169 95 143 33 173 164 169 142 146 131 157 26 29 108 42 92 172 129 101 159 28 124 46 34 131 116 93 156 68 190 128 121 159 90 131 184 178 189 182 132 148 129 140 155 136 106 91 131 147 91 25 148 88 93 126 126 46 103 182 128 84 43 86 46 142 83 162 142 100 53 40 33 118 84 67 -1  
27 110 106 105 147 139 50 185 65 76 125 32 150 127 72 105 143 127 34 138 196 165 41 113 70 164 122 151 154 109 195 197 186 26 77 33 143 176 140 154 191 195 200 147 55 107 52 67 168 182 52 199 187 97 173 98 71 186 87 153 157 140 148 150 97 28 143 199 129 24 153 162 165 21 137 74 78 102 160 102 76 102 137 75 56 100 121 194 129 25 112 116 84 134 22 74 65 172 187 141 87 -1  
120 40 175 28 105 128 59 85 38 174 75 30 74 192 71 152 153 130 61 105 28 29 134 113 23 126 199 138 72 95 187 140 38 45 89 90 161 48 112 119 171 76 111 158 189 147 159 43 62 76 169 86 170 26 105 62 117 186 177 167 187 33 118 86 23 34 194 197 78 79 78 81 179 113 79 165 197 196 83 163 33 71 38 101 23 160 195 26 23 89 188 74 95 167 73 191 60 169 64 104 72 -1  
109 53 61 34 130 55 80 107 185 157 59 190 127 127 179 22 134 121 194 123 143 191 128 35 196 141 81 172 86 177 87 114 196 183 134 55 138 66 89 50 125 169 56 170 67 174 79 73 94 80 30 65 120 174 33 88 162 130 113 86 100 188 122 21 61 87 140 138 171 79 40 174 81 79 68 82 101 121 51 194 49 65 117 55 109 164 31 161 149 67 123 119 170 178 70 200 66 89 169 144 54 -1  
105 194 151 58 128 34 181 173 189 37 87 53 105 156 111 170 75 32 188 150 35 118 93 21 27 37 25 184 183 44 131 40 121 175 86 190 145 168 133 52 115 96 171 33 111 151 185 154 31 39 118 184 87 42 143 136 106 156 102 27 117 93 145 24 97 113 198 163 59 186 23 112 198 82 49 173 50 126 131 67 177 173 113 171 51 81 37 135 125 127 111 200 36 61 77 180 191 167 22 21 61 -1  
27 84 171 169 119 158 143 170 141 55 52 36 60 98 138 178 53 30 69 77 64 24 114 123 41 104 188 97 168 33 108 26 195 152 136 196 180 192 139 97 134 113 194 100 44 36 79 90 45 34 150 186 72 63 197 162 144 23 149 99 121 84 129 199 117 67 85 29 118 139 39 59 78 36 82 110 128 35 117 21 154 65 89 77 187 105 54 31 93 103 123 185 188 94 174 63 98 127 20 71 47 -1  
95 81 36 117 125 53 33 20 93 99 172 26 87 85 101 143 32 142 116 77 74 46 186 31 94 171 87 45 186 78 87 32 187 88 132 25 76 110 186 40 108 138 27 172 196 92 82 100 182 124 155 169 48 32 69 24 124 75 200 92 172 198 130 105 143 154 153 141 135 37 194 175 97 87 68 69 50 192 172 195 68 111 75 28 110 60 34 155 45 93 53 105 122 144 161 137 174 159 32 156 96 -1  
104 83 64 164 193 121 174 200 65 122 170 36 97 79 76 127 80 113 71 48 160 158 26 78 68 172 80 40 126 115 106 160 69 182 155 32 195 162 122 22 140 44 129 81 199 66 139 132 97 111 64 31 125 74 151 84 89 45 118 139 172 157 186 42 31 115 175 90 121 137 116 28 116 80 68 101 33 89 119 85 42 154 123 192 164 61 169 32 53 159 133 38 84 163 124 166 116 58 153 160 90 -1  
172 199 76 115 189 97 84 188 114 23 36 37 136 125 75 60 162 197 113 156 181 123 167 139 163 25 139 188 77 80 163 69 124 110 198 162 159 105 80 40 162 28 169 72 66 151 34 45 148 147 110 68 125 29 86 47 41 156 41 97 170 112 162 51 200 64 102 200 79 122 103 40 160 77 178 102 118 142 173 157 156 20 165 107 53 194 27 173 134 35 67 121 189 71 87 193 35 196 30 174 75 -1  
127 149 85 152 79 124 27 108 194 192 25 52 105 24 200 81 43 46 111 50 74 188 116 82 39 195 57 166 117 128 171 156 96 30 97 122 178 53 191 95 82 93 66 136 132 91 135 108 116 110 45 120 67 45 75 155 118 148 84 41 191 119 70 171 133 85 71 117 172 42 104 89 67 89 111 145 146 68 57 56 51 124 176 47 72 58 30 200 64 76 141 177 105 175 76 119 169 31 114 153 30 -1  
157 170 115 113 126 164 20 161 31 74 54 155 184 178 110 125 182 93 165 52 95 174 166 101 55 71 29 156 92 164 158 51 142 47 146 83 49 120 176 34 185 185 142 100 128 139 177 82 62 127 161 42 159 100 183 62 180 26 43 92 30 83 120 179 170 47 171 183 71 81 124 150 183 98 159 145 152 28 190 185 188 174 111 74 99 40 57 119 147 61 183 78 144 200 159 84 163 114 37 23 42 -1  
144 43 152 127 147 60 186 182 121 40 182 197 47 24 144 39 189 84 152 47 82 60 78 143 116 133 112 50 71 118 127 62 111 39 181 187 172 50 37 193 184 101 188 149 72 36 58 139 160 166 59 138 38 149 46 162 50 55 200 169 65 100 123 83 38 128 61 34 111 188 120 45 60 67 190 175 98 151 179 141 74 22 128 140 117 128 152 141 186 106 182 93 100 73 47 181 102 72 27 95 84 -1  
168 62 166 103 52 68 33 142 119 130 175 90 191 56 131 147 49 126 104 194 169 22 48 107 102 64 179 151 66 25 168 185 151 148 199 75 49 137 193 56 169 69 109 58 97 78 193 60 127 196 139 24 178 71 125 141 25 95 121 79 194 164 200 192 110 25 52 94 56 134 149 50 66 100 44 44 107 23 136 190 76 97 71 50 150 144 192 71 38 125 159 141 75 156 85 177 69 88 30 139 44 -1  
157 190 66 39 133 125 45 42 100 174 46 21 100 89 56 194 188 133 71 200 46 22 26 161 43 24 89 50 40 105 67 139 121 156 119 93 127 117 44 165 191 23 159 77 32 50 48 56 26 130 177 49 132 95 80 190 181 33 99 83 109 161 137 107 106 174 163 112 153 92 177 134 85 24 51 47 59 35 151 70 35 68 171 191 40 63 157 99 198 200 73 111 173 172 40 46 159 121 164 46 81 -1  
92 108 50 43 59 113 200 57 119 184 49 133 29 81 132 23 45 170 119 78 23 44 26 95 138 137 143 123 67 174 46 173 74 75 96 165 145 110 133 187 83 23 78 95 189 139 104 179 59 95 118 48 29 64 130 123 106 175 115 156 26 57 73 155 102 56 53 34 115 157 26 138 193 65 163 142 124 110 66 71 102 153 27 77 87 130 95 119 170 50 124 95 175 37 191 180 190 53 68 153 68 -1  
182 34 93 122 20 143 76 184 185 71 185 51 33 106 153 154 75 200 180 117 68 83 198 136 107 76 147 63 84 88 89 135 42 82 193 52 33 97 190 23 178 158 37 78 78 49 55 47 178 145 128 150 155 65 73 21 166 56 182 146 196 175 74 130 141 160 37 166 120 88 138 149 166 41 35 185 89 63 172 62 114 72 114 109 195 116 77 129 43 106 108 146 116 87 150 24 165 98 22 59 79 -1  
146 81 104 195 195 98 58 181 141 70 118 21 96 131 71 110 173 69 42 125 121 183 159 184 190 76 63 163 96 36 72 39 178 77 60 31 96 85 191 45 64 49 187 149 33 174 200 173 121 56 22 94 25 87 165 112 146 105 121 109 27 31 90 30 114 60 69 108 45 143 194 127 31 183 87 144 155 128 46 184 84 160 189 61 144 97 105 134 31 60 134 32 34 40 53 82 84 98 70 37 83 -1  
116 150 47 191 150 162 185 76 55 113 57 151 30 165 148 106 105 167 36 162 105 63 117 142 86 108 107 42 77 191 49 159 121 44 82 164 137 101 96 150 40 62 197 190 22 80 184 67 173 148 122 161 52 152 62 45 93 40 82 71 76 23 79 45 27 136 63 36 200 64 111 39 199 34 159 167 153 188 42 66 121 120 196 32 55 164 186 71 183 183 80 107 148 187 190 49 111 82 95 80 71 -1  
144 185 21 137 145 190 126 98 163 51 157 195 141 194 196 71 95 101 66 23 194 91 24 79 115 159 104 119 104 39 108 194 98 82 26 28 68 93 51 88 53 195 191 48 129 199 46 115 160 110 152 39 109 21 171 116 68 76 110 147 87 27 94 146 192 128 186 198 115 193 189 113 116 100 43 47 141 161 151 111 68 32 23 154 73 142 71 71 30 53 134 24 49 94 191 68 195 81 83 143 37 -1  
78 185 37 122 136 146 150 64 113 53 120 53 121 130 95 184 200 79 179 120 57 51 48 137 129 129 163 160 146 85 63 180 164 55 28 23 76 179 139 89 116 80 49 24 48 155 170 31 63 101 33 109 35 35 54 48 134 80 125 138 47 37 109 194 118 56 174 88 44 72 187 45 87 143 102 86 195 136 142 30 41 58 121 168 32 27 84 185 52 113 102 166 89 178 78 29 104 26 39 73 27 -1  
115 48 109 92 108 85 175 56 149 23 61 75 75 49 200 40 102 131 36 60 139 73 100 56 49 89 110 61 164 154 191 171 51 156 88 102 84 51 38 87 145 185 127 101 61 197 39 193 43 53 193 193 110 48 41 39 56 59 56 163 129 22 143 65 125 188 163 99 106 154 120 183 68 75 29 59 127 45 147 64 26 52 130 90 135 173 167 88 72 137 59 83 40 148 184 86 150 131 89 180 15 -1  
189 90 23 103 140 43 45 111 122 60 53 190 126 58 113 82 177 124 166 160 163 58 139 78 113 133 190 131 145 62 158 101 37 88 26 135 189 28 118 51 99 60 165 163 153 114 29 91 165 167 21 32 165 192 102 117 148 178 184 177 179 165 86 199 140 137 81 43 182 180 57 42 50 80 124 52 195 199 122 177 27 72 169 103 199 161 156 29 24 103 58 138 181 83 98 159 52 120 182 96 14 -1  
70 112 22 41 79 56 165 164 130 94 184 35 71 39 164 48 165 198 86 197 196 65 126 170 112 35 107 108 97 27 175 184 158 147 36 32 124 166 25 48 32 103 127 174 22 58 88 146 21 59 148 124 143 175 22 81 97 106 146 200 96 198 29 96 38 184 181 97 193 28 118 166 111 128 87 66 88 115 56 193 149 196 63 177 129 96 123 124 113 76 64 109 165 167 195 94 187 59 174 93 96 -1  
172 75 143 191 95 23 192 92 135 91 51 109 67 144 156 175 139 115 121 119 169 55 176 117 181 65 57 51 63 135 183 74 77 126 160 151 29 174 188 197 129 107 54 142 174 29 116 160 125 51 57 144 166 83 162 85 113 119 71 38 73 148 42 23 178 82 28 106 100 125 122 181 71 123 95 175 31 32 53 56 88 164 115 126 163 187 85 168 26 122 157 28 92 117 151 47 197 150 60 88 91 -1  
53 125 126 44 54 129 24 72 22 197 89 148 122 58 74 27 183 81 98 132 57 158 91 30 110 163 63 159 188 114 136 178 160 84 28 75 91 38 93 91 54 154 92 50 166 104 54 158 48 175 145 170 125 22 50 131 192 66 181 111 188 40 94 105 23 182 133 163 186 77 102 188 172 165 188 131 88 189 90 69 124 139 171 92 101 103 57 185 170 125 60 66 93 68 101 49 68 30 20 92 81 -1  
102 111 21 173 71 88 174 71 174 169 46 168 108 20 183 195 145 156 195 197 118 173 124 63 89 187 44 60 178 188 148 40 79 75 125 153 156 167 180 199 81 76 118 185 56 72 130 107 108 150 167 181 75 179 149 131 77 43 106 125 162 187 30 120 38 49 121 192 138 161 65 155 133 152 24 117 168 21 110 80 193 94 189 180 118 34 71 119 197 123 148 120 87 58 105 103 192 40 135 197 73 -1  
106 107 156 98 104 166 150 26 54 166 180 137 103 163 150 131 124 147 21 36 73 131 194 192 134 159 154 191 116 55 182 136 171 47 61 168 44 49 132 143 108 104 138 32 159 58 164 100 82 186 160 82 31 77 27 166 140 37 50 73 79 152 164 180 57 106 61 55 34 113 92 33 194 43 83 45 65 56 174 60 181 91 60 179 20 130 38 181 85 129 83 43 32 86 151 83 140 63 26 176 39 -1  
183 30 106 124 161 171 193 195 107 48 169 186 78 200 97 166 65 164 81 50 36 124 187 137 30 134 82 139 183 133 93 96 146 97 52 97 195 54 33 147 162 86 145 200 81 28 147 43 54 59 79 90 25 149 107 90 59 84 167 78 131 177 94 150 61 29 126 95 182 107 77 111 189 88 49 132 97 24 148 187 68 106 189 86 82 98 26 83 97 50 47 137 168 121 100 72 185 177 169 148 71 -1  
179 29 148 68 45 40 83 83 30 185 55 44 79 180 188 66 121 154 178 179 120 79 135 162 41 47 151 24 58 83 52 144 168 173 34 65 35 125 183 34 174 181 26 96 89 181 111 143 117 63 36 147 65 124 71 122 63 89 83 170 197 173 25 200 151 78 65 104 96 126 79 42 112 60 181 45 104 39 69 61 25 154 120 101 120 192 137 126 183 162 84 31 148 63 160 53 101 24 37 182 47 -1  
69 152 30 130 37 160 139 88 148 153 79 131 46 193 93 106 124 195 66 178 116 172 153 112 35 156 116 35 195 39 174 164 46 74 20 144 40 124 101 170 120 156 93 199 150 66 188 128 149 185 106 103 177 49 112 57 116 90 98 142 49 43 170 87 28 111 23 93 81 100 124 34 182 73 111 180 79 23 48 150 161 72 46 117 129 112 189 197 100 153 33 84 93 106 35 132 187 76 64 187 33 -1  
108 25 75 157 67 61 152 136 195 62 159 199 51 183 52 139 134 193 62 173 48 151 72 177 116 183 168 101 27 28 167 185 122 44 55 149 48 86 136 167 132 41 52 152 136 147 43 163 187 164 42 30 181 94 70 84 35 48 113 109 108 119 106 139 55 150 184 142 173 40 138 65 96 33 139 48 89 30 171 131 167 143 117 67 49 60 186 171 180 156 136 158 29 127 122 36 100 100 39 153 83 -1  
150 152 137 46 70 57 148 43 86 70 20 41 179 199 25 91 40 124 116 180 130 109 140 182 46 27 140 20 104 167 131 35 57 76 162 138 153 141 146 143 160 109 180 164 174 77 65 136 37 170 113 196 93 121 134 25 160 187 151 36 79 160 96 114 30 82 66 128 135 190 151 76 57 178 195 39 42 67 155 44 91 130 118 43 60 114 169 60 57 148 33 65 40 56 35 47 113 114 121 138 27 -1  
83 90 53 60 183 72 163 99 38 150 105 134 125 27 147 57 183 182 136 151 46 189 113 198 195 166 123 68 159 131 62 128 76 64 96 64 38 169 31 87 196 187 25 98 69 153 188 88 105 54 62 122 23 146 84 106 23 101 41 144 120 89 64 24 140 107 197 120 167 75 32 86 93 79 194 83 66 133 39 77 80 133 39 155 59 181 139 44 59 107 147 200 102 189 88 189 129 162 165 37 90 -1  
37 26 162 93 59 180 166 20 186 99 91 117 109 160 29 115 142 198 43 97 56 98 141 193 167 105 37 198 142 72 121 128 187 51 158 49 194 79 60 184 76 21 138 60 28 148 190 57 112 52 91 193 167 109 27 29 107 170 91 148 59 81 188 55 199 41 131 74 168 85 72 144 184 57 48 188 133 88 90 128 132 122 188 111 187 97 71 152 185 144 135 74 25 102 182 21 177 193 170 102 84 -1  
149 63 80 129 92 158 103 46 44 194 67 89 48 154 162 137 172 30 181 94 58 184 157 144 150 61 25 83 41 52 108 52 41 132 109 33 160 43 124 92 34 100 68 91 123 106 92 115 28 104 41 193 157 84 172 67 52 188 195 84 157 185 154 94 83 48 188 42 188 126 115 190 71 75 188 110 182 140 38 48 41 170 111 56 175 24 36 86 21 47 169 157 86 108 74 68 167 193 42 58 82 -1  
80 80 53 39 22 163 198 196 67 36 84 132 31 78 154 157 115 37 109 101 194 73 113 93 69 45 170 59 127 100 119 200 48 143 107 88 28 153 68 151 151 113 139 108 42 148 43 72 175 56 39 93 26 139 43 39 149 82 49 125 24 34 111 167 106 69 166 34 26 82 76 58 64 99 122 55 128 27 25 122 166 59 23 152 32 32 189 82 186 159 65 71 126 183 114 192 26 149 26 169 17 -1  
138 146 30 193 191 170 56 141 52 154 110 134 155 55 142 165 61 52 25 126 154 151 120 108 193 192 93 188 81 24 92 95 59 182 38 200 170 193 24 192 192 186 36 68 144 49 115 120 167 123 67 45 75 142 93 120 129 181 140 193 65 74 34 50 93 182 58 100 70 126 67 168 95 83 55 135 97 128 133 62 81 163 85 151 67 40 61 64 167 59 192 45 86 143 42 87 164 124 27 83 57 -1  
92 154 141 183 180 99 143 70 41 50 25 143 172 109 75 38 58 181 183 121 48 198 151 121 88 54 59 188 49 77 165 79 65 57 104 159 91 178 59 94 50 143 141 192 55 62 144 130 183 41 59 22 66 36 91 59 144 145 134 127 196 66 76 71 38 71 117 59 99 150 131 189 141 91 160 170 185 128 194 73 196 76 185 29 104 156 101 115 149 62 106 90 137 145 54 37 150 81 156 104 45 -1  
129 52 120 47 101 130 31 172 93 186 140 89 41 66 193 42 195 46 169 126 183 164 179 160 93 21 33 132 48 143 96 85 143 121 182 138 127 178 54 70 57 137 82 38 149 114 132 125 53 105 118 186 128 72 99 190 39 192 127 144 197 24 113 42 129 192 51 185 111 171 34 64 198 138 78 92 104 69 99 75 83 166 171 181 135 123 170 176 194 108 49 48 131 87 157 186 20 178 90 58 40 -1  
74 109 185 110 23 151 111 111 200 171 176 179 189 41 44 57 65 64 30 73 154 78 58 59 189 70 69 166 54 159 175 68 198 33 90 73 147 43 42 117 162 113 52 69 97 114 107 124 79 109 108 166 71 56 129 109 193 116 45 47 53 150 137 72 145 41 73 128 106 39 106 38 31 189 180 86 146 167 37 78 161 76 93 77 37 167 29 21 49 190 98 89 70 53 119 87 78 124 179 68 52 -1  
94 38 94 192 190 142 195 182 153 189 161 120 69 127 109 173 134 192 32 127 64 110 52 72 105 125 129 56 83 88 154 131 149 127 79 148 156 168 197 118 135 42 137 51 179 184 194 197 77 80 179 88 28 52 191 155 118 20 126 165 25 80 171 103 178 114 126 107 169 151 142 156 56 36 176 92 99 65 47 82 185 160 160 94 46 48 98 85 72 112 42 149 65 172 25 34 28 147 136 170 14 -1  
155 74 76 52 134 143 155 114 190 81 169 179 124 104 53 46 169 102 179 107 95 90 126 114 76 96 149 28 184 161 106 152 57 99 166 53 135 156 168 143 37 156 128 66 110 33 130 143 123 193 149 157 43 40 38 61 46 57 168 187 103 83 190 99 42 74 166 41 107 154 30 141 153 141 60 82 145 88 140 73 69 42 110 61 150 82 200 107 41 122 83 27 174 200 35 55 96 49 150 55 84 -1  
151 89 103 116 88 167 82 153 175 99 23 145 196 111 126 195 110 192 40 67 42 109 36 82 87 153 56 138 47 135 119 108 83 126 40 129 168 85 140 101 195 58 166 92 122 155 116 106 131 181 172 52 29 120 125 59 156 26 74 183 161 153 49 146 44 117 163 85 92 106 70 52 189 43 39 102 171 165 72 128 45 79 161 176 53 30 110 40 32 20 142 55 200 109 180 114 127 64 86 73 50 -1  
146 89 66 198 70 44 60 173 164 177 26 140 195 160 120 156 54 32 39 54 40 58 174 132 200 114 108 102 81 56 40 197 117 200 67 101 93 120 144 37 164 160 118 82 199 26 193 153 123 71 37 141 55 199 47 95 29 23 82 25 131 183 191 199 159 166 123 34 53 157 194 93 90 88 50 32 133 20 125 143 180 107 185 195 96 178 90 99 62 184 53 142 105 159 184 116 157 132 71 36 48 -1  
122 72 56 91 129 20 146 33 92 100 140 104 89 65 60 24 99 158 147 59 175 93 40 166 96 183 58 23 25 68 49 142 192 128 52 125 39 33 144 71 94 184 117 147 43 24 165 147 94 149 41 36 42 24 172 95 193 59 21 60 185 43 59 66 63 85 75 31 62 33 101 76 32 44 25 192 67 46 77 140 152 52 146 183 117 160 168 24 44 133 190 75 39 102 96 88 185 148 91 74 74 -1  
83 124 145 142 169 52 134 114 53 106 129 153 168 81 105 122 126 148 65 155 182 179 151 121 142 22 146 42 44 102 28 47 34 164 110 144 125 189 47 31 38 147 54 126 33 106 84 195 51 127 183 82 100 168 177 136 185 37 100 48 100 102 57 156 91 130 62 200 30 181 36 147 195 61 40 164 87 163 155 172 46 113 25 43 181 94 172 167 193 182 78 110 108 78 116 42 118 143 44 185 56 -1  
55 155 38 115 126 113 38 36 96 31 46 149 53 200 72 111 86 104 72 61 127 38 62 57 42 53 109 86 178 108 62 39 162 101 103 26 37 144 158 170 91 69 26 98 194 24 124 102 187 23 111 50 105 199 35 181 137 95 122 159 64 50 55 147 200 152 175 74 75 111 110 27 34 52 87 95 127 129 193 91 199 47 35 154 90 158 182 99 86 98 92 144 67 116 151 171 31 94 20 129 85 -1  
29 122 175 26 140 69 185 74 127 144 99 182 138 87 81 92 60 47 118 86 34 156 82 183 132 149 160 46 189 179 194 55 73 183 104 136 160 74 153 103 154 183 50 180 175 140 68 65 169 127 71 127 99 102 180 130 66 67 124 170 164 123 54 125 93 75 96 98 171 32 41 170 192 105 46 121 23 99 184 110 47 153 119 126 45 168 105 91 74 69 158 26 178 73 64 86 183 119 176 104 39 -1  
172 196 41 139 137 35 181 101 43 72 49 26 32 182 76 124 56 178 161 20 99 28 96 141 195 170 147 176 103 163 28 118 121 85 89 131 50 23 199 116 55 39 21 71 160 54 191 126 117 120 79 102 20 27 199 130 186 155 183 39 36 105 152 107 92 56 172 96 94 126 133 185 73 58 170 154 89 76 78 47 184 184 126 106 176 178 66 107 118 51 108 124 87 131 193 88 126 166 70 91 49 -1  
1 1 1 1 1 1 1 1 1 1 1 1 1 1 1 1 1 1 1 1 1 1 1 1 1 1 1 1 1 1 1 1 1 1 1 1 1 1 1 1 1 1 1 1 1 1 1 1 1 1 1 1 1 1 1 1 1 1 1 1 1 1 1 1 1 1 1 1 1 1 1 1 1 1 1 1 1 1 1 1 1 1 1 1 1 1 1 1 1 1 1 1 1 1 1 1 1 1 1 1 
